AMP:                          # nome do namespace  
  kalman_filter_node:               # nomde do nó (supersuper().__init__) e o que ta no launch file
    ros__parameters:

      imu_update_time: 0.01
      dvl_update_time: 0.05
      slam_update_time: 0.1

      accelerometer_random_walk_bias: [0.00003745251231312492,0.00003745251231312492,0.00003745251231312492]
      gyroscope_random_walk_bias: [0.0000005005899751017297,0.0000005005899751017297,0.0000005005899751017297]

      accelerometer_noise: [0.0017862283519383298,0.0017862283519383298,0.0017862283519383298]
      gyroscope_noise: [0.00010030383677353103,0.00010030383677353103,0.00010030383677353103]
      corr_noise: [0.001,0.001,0.001]

      dvl_noise: [0.0001,0.0001,0.0001]
      slam_noise: [0.01,0.01,0.01,0.0001,0.0001,0.0001]
      corr_t: [0.09, 0.09, 0.09]